/**:
  ros__parameters:
    # -- System --
    cdob_ctrl_period: 0.033     # sampling period.

    # -- Q-filters -- if the order is 2 or more, we use damping factors/
    qfilter_lateral_error_cdob_order: 1  # must be ==1 as the state observer needed to be redesigned.
    qfilter_lateral_error_cdob_freq: 5.  #qfilter frequency in Hz for lateral error
    qfilter_lateral_cdob_damping: 5.

    qfilter_lateral_dob_order: 2     # disturbance observer qfilter order.
    qfilter_lateral_dob_freq: 2.    # qfilter frequency in Hz for lateral error
    qfilter_lateral_dob_damping: 5. # damping for the dob filter.

    qfilter_longitudinal_error_order: 2  # longitudinal control qfilter.
    qfilter_longitudinal_error_freq: 5.  #qfilter frequency in Hz for heading error

    # -- Vehicle Model Selection -- Currently we have only one.
    steering_time_constant_: 0.24 # first order steering model time-constant  delta_dot = -1/tau *delta + 1/tau * u
    velocity_time_constant_: 0.1 # first order velocity model time-constant
    acc_time_constant_: 0.1 # first order velocity model time-constant

    # Observer parameters for the LPV system
    Xn1: [ -0.001272803063707604, -0.010622110685554914, 0.00949881798496796, 0.00036571860451388606, -0.010622110685554914, 0.02328623365086242, -0.01478687775722488, -0.004278791745734074, 0.00949881798496796, -0.01478687775722488, 0.009725415103344461, 0.002513898976775545, 0.00036571860451388606, -0.004278791745734074, 0.002513898976775545, 0.0009228880802686016 ]
    Xn2: [ 0.126871213739195, -0.10814783085136459, 0.08070161445915584, 0.012866380129992938, -0.10814783085136459, -0.028326944782909712, 0.07565648431230626, -0.01780685168302414, 0.08070161445915584, 0.07565648431230626, -0.08180961641175309, 0.004797039546792768, 0.012866380129992938, -0.01780685168302414, 0.004797039546792768, 0.0007630493715121894 ]
    Xn3: [ 0.044352269255155105, -0.03420988007712589, 0.023301772435150022, 0.00568354876925974, -0.03420988007712589, -0.01985753508097148, 0.01849434649319295, -0.004127243531544916, 0.023301772435150022, 0.01849434649319295, -0.01997823088602022, 0.004013777897906278, 0.00568354876925974, -0.004127243531544916, 0.004013777897906278, 0.0010516323200170533 ]
    Xn4: [ 0.00021438337545229158, -1.5301440968628964e-05, -9.573034368574891e-05, -3.0587000100278554e-05, -1.5301440968628964e-05, -9.791663677237065e-05, 5.973710139986526e-07, -2.855183354867507e-05, -9.573034368574891e-05, 5.973710139986526e-07, 4.813987666546578e-05, 3.3037975117214883e-07, -3.0587000100278554e-05, -2.855183354867507e-05, 3.3037975117214883e-07, -6.911875983917437e-06 ]
    Xn5: [ 4.886555104481033, -0.09127733979113892, -0.01322492453752716, -0.025742732632594807, -0.09127733979113892, 4.908209871406773, -0.027392718730377998, -0.023026329923931613, -0.01322492453752716, -0.027392718730377998, 5.264882501983737, 0.4487028795108119, -0.025742732632594807, -0.023026329923931613, 0.4487028795108119, 1.3495404330885394 ]
    Yn1: [ -0.0007213605286198277, -0.006616736779281686, 0.0004948545016220082, -0.023519654142582905, 0.004657963521863965, 0.0074996742291165135, 0.012460641724491612, -0.01281077212477579, 0.0058887483735659335, 0.0024891163915666046, -0.0026851861084611585, -0.00039664193515556387 ]
    Yn2: [ 0.07505592196757503, -0.06944959272191778, 0.04751595995209218, -0.14520096841068178, -0.03672847410640563, 0.0273537567677195, 0.15380039505832518, 0.05344894701950243, -0.03091801048105036, -0.005125468764491438, -0.010856316468538041, -0.0010557604290171991 ]
    Yn3: [ 0.024001542334244452, -0.008211732947573507, 0.0012327614119005223, -0.03199007776098217, -0.05804352422135203, 0.016907600387461048, 0.021046211094559012, 0.006533915961749212, -0.01338990281092758, 0.0006001136933876407, -0.0011147538707580826, 0.0013828597800494861 ]
    Yn4: [ -0.00073407883005824, 0.001581666719506634, 0.0067994751180612805, -0.03850623021064043, 0.0060333738955195455, -0.02149284585466016, -0.021837514301631274, -0.030506373745975587, -0.0007669072894864933, -0.0023218025371276032, 0.009285793634289191, 0.00206450238658064 ]
    Yn5: [ -2.5434565501250024, -0.033567018238747234, -0.003844569103348277, -0.015101323228047808, -2.5304632315111824, -0.011883592811836943, 0.022302682811090595, -0.00654405179001504, -2.228984000533313, -0.009267008719974296, -0.009233653116010742, 0.49114912641316355 ]





