/**:
  ros__parameters:
    # -- System --
    cdob_ctrl_period: 0.033     # sampling period.

    # -- Q-filters -- if the order is 2 or more, we use damping factors/
    qfilter_lateral_error_cdob_order: 1  # must be ==1 as the state observer needed to be redesigned.
    qfilter_lateral_error_cdob_freq: 5.  #qfilter frequency in Hz for lateral error
    qfilter_lateral_cdob_damping: 5.

    qfilter_lateral_dob_order: 2    # disturbance observer qfilter order.
    qfilter_lateral_dob_freq: 2.    # qfilter frequency in Hz for lateral error
    qfilter_lateral_dob_damping: 5. # damping for the dob filter.

    qfilter_longitudinal_error_order: 2  # longitudinal control qfilter.
    qfilter_longitudinal_error_freq: 5.  #qfilter frequency in Hz for heading error

    # -- Vehicle Model Selection -- Currently we have only one.
    steering_time_constant_: 0.1 # first order steering model time-constant  delta_dot = -1/tau *delta + 1/tau * u
    velocity_time_constant_: 0.1 # first order velocity model time-constant
    acc_time_constant_: 0.1 # first order velocity model time-constant

    # Observer parameters for the LPV system
    Xn1: [ -0.0015533828180599196, -0.009984946161133974, 0.009324501355864339, 0.0002469760269926386, -0.009984946161133974, 0.02354847849674955, -0.014755328981107166, -0.004127595453074992, 0.009324501355864339, -0.014755328981107166, 0.009445826996251941, 0.0024822063437809263, 0.0002469760269926386, -0.004127595453074992, 0.0024822063437809263, 0.0008172031845126178 ]
    Xn2: [ 0.11204108283187479, -0.08672579594675696, 0.06480199967643488, 0.004997937337574553, -0.08672579594675696, -0.0005070709841401497, 0.06254634201196194, -0.004104964771317841, 0.06480199967643488, 0.06254634201196194, -0.08327289409998671, -0.001252228135527553, 0.004997937337574553, -0.004104964771317841, -0.001252228135527553, -0.0070484394886535275 ]
    Xn3: [ 0.030900991113462555, -0.019133665440388203, 0.011489670029329897, 0.0035167447940139067, -0.019133665440388203, -0.014140193893736662, 0.011739034972956213, -0.0007203951362343082, 0.011489670029329897, 0.011739034972956213, -0.012445394260424986, 0.0017095484772796017, 0.0035167447940139067, -0.0007203951362343082, 0.0017095484772796017, -5.4339716111967376e-05 ]
    Xn4: [ 0.00010407816238715527, -0.0003012615406846854, -0.00018817372221751916, 2.6824252501331427e-05, -0.0003012615406846854, -0.00019214363131129562, 2.0417632078970694e-06, -1.7394619900111704e-05, -0.00018817372221751916, 2.0417632078970694e-06, 4.102646264887466e-05, -1.6309711761907045e-05, 2.6824252501331427e-05, -1.7394619900111704e-05, -1.6309711761907045e-05, 3.6112434600598805e-06 ]
    Xn5: [ 4.887978536887698, -0.09248631186742912, -0.014931400816638372, -0.025714347090042302, -0.09248631186742912, 4.907514652036369, -0.02752051408280471, -0.023207946193129138, -0.014931400816638372, -0.02752051408280471, 5.266571491944208, 0.44852101541202216, -0.025714347090042302, -0.023207946193129138, 0.44852101541202216, 1.3495302976367216 ]
    Yn1: [ -0.0019256159003165573, 0.004252317282896812, -0.0017918721583347916, -0.028864902900449112, -0.0034505182677798374, 0.0013898220113200419, -0.0048912413181761765, 0.0024921589042330274, -0.006494120762166016, -0.005122900444962017, 0.00037745816170194074, 0.001104388167298589 ]
    Yn2: [ 0.022848716894258183, -0.06539640688493585, 0.008469024881168016, -0.09022787062026826, -0.0007566161587626894, 0.06353751668156629, 0.09107778143102858, 0.018335289224917135, -0.05911133137757414, -0.001316152283981511, -0.005325661739814493, -0.002627716825306933 ]
    Yn3: [ 0.00931181468838021, 0.005846446272084378, -0.01125914255999233, -0.013394249495005412, -0.07037724132647014, 0.02863372275294647, 0.014847800653319749, 0.009549486753231286, -0.013922301121089858, -0.0005486346401069637, 0.00016964863676512484, -0.0008458095644863075 ]
    Yn4: [ 0.004324452936463037, -0.016043189480456268, 0.011018916486036255, -0.0315101973827527, 0.023507290318373796, -0.012736878316721626, 0.0057926540996080115, -0.05537382298712369, 0.01975665264738439, 0.008302526173050212, 0.005128026904441377, -0.00026342109980354017 ]
    Yn5: [ -2.564156918791817, -0.04184581252613832, -0.010571102493159632, -0.03016260039485173, -2.5388004958043258, -0.02305527225871605, 0.016912363411999018, -0.007348735152053224, -2.2386401245516114, -0.012066258322141785, -0.01126334089453874, 0.4895131241778763 ]




