image: basement_fixed.png
resolution: 0.0504
origin:  [25.900000, 48.50000, 3.14]
negate: 0
occupied_thresh: 0.65
free_thresh: 0.196