/**:
  ros__parameters:
    # -- Control Algorithm Parameters --
    control_frequency: 30.0          # Hertz
    mpc_prediction_dt: 0.1           # prediction time step length [s]
    cog_rear_lr: 0.0                 # distance of rear axle center to COG [m] -keep it zero

    # -- Vehicle Model Parameters --
    steering_time_constant: 0.24  # [s]
    speed_time_constant: 0.1    # [s]

    # -- Simulation model for planning simulator --
    use_mpc_controller: true    # if false it uses the feedback controllers.
    use_delay_sim_model: true   # for DELAY_STEER planning simulator model. For debugging only.
    input_delay_time: 0.1 # 0.3    # input dead-time [s]

    # -- the algorithm is initialized by a feedback initializer if it fails linear initialization  --
    use_linear_trajectory_initialization: false    # if false LPV feedback initialization is used.

    # -- State and Control Weights.
    # -- ['xw', 'yw', 'psi', 's', 'e_y', 'e_yaw', 'Vx', 'delta', 'ay'] --
    # state_weights: [ 0.0, 0.0, 0.0, 0.0, 0.25, 0.25, 0.25, 0.0, 0.0 ]
    # state_weights_terminal: [ 0.0, 0.0, 0.0, 0.0, 0.25, 0.25, 0.25, 0.0, 0.0 ]

    state_weights: [ 0.0, 0.0, 0.0, 0.0, 0.01, 0.01, 0.5, 0.0, 0.0 ]
    state_weights_terminal: [ 0.0, 0.0, 0.0, 0.0, 0.02, 0.02, 0.5, 0.0, 0.0 ]
    control_weights: [ 0.1, 0.1 ]    # [vx speed input, steering input]
    jerk_weights: [ 0.5, 0.5 ]        # [acc and steering_rate]

    #  -- Constraints - Upper-lower bounds.
    #  -- ['xw', 'yw', 'psi', 's', 'e_y', 'e_yaw', 'Vx', 'delta', 'ay'] --
    # xlower: [ -.inf, -.inf, -.inf, -.inf, -3.0, -2.0, -0.5, -0.65, -.inf ]
    xlower: [ -.inf, -.inf, -.inf, -.inf, -1.0, -1.0, 0.0, -1.0, -4.0 ]
    xupper: [ .inf,  .inf,   .inf, .inf,  1.0,  1.0, 25.0, 1.0, 4.0 ]
    ulower: [ -7., -1.0 ]  # vx speed input [m/s], steering input [rad]
    uupper: [ 7.,  1.0 ]

    # -- Scaling Mats ['xw', 'yw', 'psi', 's', 'e_y', 'e_yaw', 'Vx', 'delta', 'ay'] --
    scaling_range: [ -1., 1. ]

    xmin_for_scaling: [ -25., -25., -1.0, 0.0,  -1.0, -1.0, 0.0, -1.0, -5.0 ]
    xmax_for_scaling: [ 25.,  25.,  1.0, 25.0,   1.0,  1.0, 10.0,  1.0, 5.0 ]

    umin_for_scaling: [ -7., -1.0 ]  # ax speed input [m/s], steering input [rad]
    umax_for_scaling: [ 7.,  1.0 ]

    # OSQP Options.
    osqp_warm_start: true
    osqp_polishing: true
    osqp_scaling: true
    osqp_max_iters: 500
    osqp_polish_iters: 5
    osqp_time_limit: 0.02 # seconds - currently disabled
    osqp_eps_abs: 0.0001
    osqp_eps_rel: 0.0001
    osqp_verbose: false     # outputs iteration results.
    osqp_scaled_termination: false

    # -- Lyapunov Matrices for LPV Initialization - Delay steering --
    # -- Error states are : [ey, eyaw, V, steering]
    # num_of_nonlinearities: 5  # Number of nonlinearities in the state transition matrix.

    Xn1: [ 6.841996411039942e-05, -0.00012241281433266377, 0.00023853302731142236, -1.5055458420694678e-06, -0.00012241281433266377, 6.812557826479398e-05, -7.173639887917911e-05, 8.322856924719424e-07, 0.00023853302731142236, -7.173639887917911e-05, -0.0001220997576432787, -1.6488262602880555e-06, -1.5055458420694678e-06, 8.322856924719424e-07, -1.6488262602880555e-06, -5.971804341182528e-08 ]
    Xn2: [ 0.004592673661632014, -0.009705009262971279, 0.006850030057025313, -0.00019663309155237274, -0.009705009262971279, 0.004499212762834027, -0.0021240484559653856, 5.561108433098992e-05, 0.006850030057025313, -0.0021240484559653856, 0.0007246894338761508, -1.7454130825780418e-05, -0.00019663309155237274, 5.561108433098992e-05, -1.7454130825780418e-05, 3.6050167500549266e-07 ]
    Xn3: [ 0.000166899586215603, -0.00012376847738469133, 0.000478734155020953, -3.6147044270181787e-07, -0.00012376847738469133, 1.3559588986510072e-05, 1.433886648108851e-05, -1.8462527769929957e-07, 0.000478734155020953, 1.433886648108851e-05, -0.0004003697759245943, 1.0286849720620237e-06, -3.6147044270181787e-07, -1.8462527769929957e-07, 1.0286849720620237e-06, -2.3792939668857747e-09 ]
    Xn4: [ -8.473528425522115e-06, 1.0725456166335132e-05, -5.226960643715859e-05, -3.8464114369343923e-10, 1.0725456166335132e-05, -1.3232170383191435e-05, 6.367348686558944e-05, -6.7589995135093824e-09, -5.226960643715859e-05, 6.367348686558944e-05, -0.0002793113644450889, 1.6996526761239375e-07, -3.8464114369343923e-10, -6.7589995135093824e-09, 1.6996526761239375e-07, 2.5643799889419857e-10 ]
    Xn5: [ 0.10855277089695062, -0.023392067978895485, 0.0038168409711483832, -7.909110948982883e-05, -0.023392067978895485, 0.013832378910076082, -0.010592450140959815, -4.57855321161009e-05, 0.0038168409711483832, -0.010592450140959815, 0.024759234640515264, 3.672386588726956e-05, -7.909110948982883e-05, -4.57855321161009e-05, 3.672386588726956e-05, 0.055645331549031604 ]
    Yn1: [ 0.0017412816857875473, -0.00010397843898582455, -0.002149805269595401, 3.35534116517687e-05, 0.0015155638503381486, -2.010484798374476e-05, -1.1929695977987953e-05, -3.44604933334375e-07 ]
    Yn2: [ -0.03155209052276082, -0.001467726503801751, 0.0040123229132348484, 0.00039959848391097377, -0.0032029606297908028, -0.00022102251253061474, -5.803305574012666e-05, -1.3677911695496796e-06 ]
    Yn3: [ 0.008762337833167112, -2.835045289109341e-06, -0.0046016994610823285, -2.6654396464314052e-05, 0.0034870667071282392, 3.085892393214551e-05, 2.0911112932383975e-05, -2.8634136771372954e-07 ]
    Yn4: [ -0.002446679920270764, 0.0001472566950611331, 0.0045755844475448325, -4.8660581341207586e-05, -0.0035275395220434806, 1.9789839297209243e-05, 2.0949169730535855e-05, 5.436587769422377e-07 ]
    Yn5: [ 0.0010596522480804697, -8.605397644204604e-07, -0.00333609169827644, -1.5406949370343317e-05, -0.023715424087301772, 0.00013420041168289126, -6.252359520506343e-06, -0.009823605103418257 ]

    # -- Stopping Condition Parameters --
    stop_state_entry_ego_speed: 0.2
    stop_state_entry_target_speed: 0.5
    stop_state_keep_stopping_dist: 0.5
    will_stop_state_dist: 1.0 # is used to get if vehicle is approaching to stopping point

    # -- Accuracy parameters --
    number_of_sqp_iterations: 1

    # CDOB - DOB parameters.
    use_cdob: true
    use_dob: true # activating use_dob only enables use_cdob. They are both used.
