/**:
  ros__parameters:
    # -- Control Algorithm Parameters --
    control_frequency: 30.0          # Hertz
    mpc_prediction_dt: 0.1           # prediction time step length [s]
    cog_rear_lr: 0.0                 # distance of rear axle center to COG [m] -keep it zero

    # -- Vehicle Model Parameters --
    steering_time_constant: 0.27  # [s]
    speed_time_constant: 0.1    # [s]

    # -- Simulation model for planning simulator --
    use_mpc_controller: true    # if false it uses the feedback controllers.
    use_delay_sim_model: true   # for DELAY_STEER planning simulator model. For debugging only.
    input_delay_time: 0.1 # 0.3    # input dead-time [s]

    # -- the algorithm is initialized by a feedback initializer if it fails linear initialization  --
    use_linear_trajectory_initialization: false    # if false LPV feedback initialization is used.

    # -- State and Control Weights.
    # -- ['xw', 'yw', 'psi', 's', 'e_y', 'e_yaw', 'Vx', 'delta', 'ay'] --
    # Vehicle experimented parameters.
    # state_weights: [ 0.0, 0.0, 0.0, 0.0, 0.01, 0.01, 0.5, 0.0, 0.0 ]
    # state_weights_terminal: [ 0.0, 0.0, 0.0, 0.0, 0.02, 0.02, 0.5, 0.0, 0.0 ]


    state_weights: [ 0.0, 0.0, 0.0, 0.0, 0.02, 0.02, 0.4, 0.0, 0.0 ]
    state_weights_terminal: [ 0.0, 0.0, 0.0, 0.0, 0.02, 0.02, 0.4, 0.0, 0.0 ]
    control_weights: [ 0.1, 0.1 ]    # [vx speed input, steering input]
    jerk_weights: [ 0.5, 0.5 ]        # [acc and steering_rate]

    #  -- Constraints - Upper-lower bounds.
    #  -- ['xw', 'yw', 'psi', 's', 'e_y', 'e_yaw', 'Vx', 'delta', 'ay'] --
    # xlower: [ -.inf, -.inf, -.inf, -.inf, -3.0, -2.0, -0.5, -0.65, -.inf ]
    xlower: [ -.inf, -.inf, -.inf, -.inf, -1.0, -1.0, 0.0, -1.0, -4.0 ]
    xupper: [ .inf,  .inf,   .inf, .inf,  1.0,  1.0, 25.0, 1.0, 4.0 ]
    ulower: [ -7., -1.0 ]  # vx speed input [m/s], steering input [rad]
    uupper: [ 7.,  1.0 ]

    # -- Scaling Mats ['xw', 'yw', 'psi', 's', 'e_y', 'e_yaw', 'Vx', 'delta', 'ay'] --
    scaling_range: [ -1., 1. ]

    xmin_for_scaling: [ -25., -25., -1.0, 0.0,  -1.0, -1.0, 0.0, -1.0, -5.0 ]
    xmax_for_scaling: [ 25.,  25.,  1.0, 25.0,   1.0,  1.0, 10.0,  1.0, 5.0 ]

    umin_for_scaling: [ -7., -1.0 ]  # ax speed input [m/s], steering input [rad]
    umax_for_scaling: [ 7.,  1.0 ]

    # OSQP Options.
    osqp_warm_start: true
    osqp_polishing: true
    osqp_scaling_iter: 10
    osqp_max_iters: 500
    osqp_polish_iters: 5
    osqp_time_limit: 0.02 # seconds - currently disabled
    osqp_eps_abs: 0.0001
    osqp_eps_rel: 0.0001
    osqp_verbose: false     # outputs iteration results.
    osqp_scaled_termination: false

    # -- Lyapunov Matrices for LPV Initialization - Delay steering --
    # -- Error states are : [ey, eyaw, V, steering]
    # num_of_nonlinearities: 5  # Number of nonlinearities in the state transition matrix.

    Xn1: [ -0.002881957263663549, 0.00017137841164213224, 0.00028549444637783635, -0.00022402115808833678, 0.00017137841164213224, -0.0010656872478085394, -1.3139463990106252e-05, 0.00034461433176545997, 0.00028549444637783635, -1.3139463990106252e-05, -0.0011354754032128144, 0.00010913410602749706, -0.00022402115808833678, 0.00034461433176545997, 0.00010913410602749706, -0.002908990202297167 ]
    Xn2: [ 0.0012227767905366037, 0.0017000686561206772, -0.008150250690976057, 0.0016272391902193214, 0.0017000686561206772, 0.004235450001992753, -3.875100972270309e-05, 0.0033365756921892543, -0.008150250690976057, -3.875100972270309e-05, 0.00043574600020523946, 0.0030462129731141656, 0.0016272391902193214, 0.0033365756921892543, 0.0030462129731141656, -0.0070471103500836215 ]
    Xn3: [ -0.23521656578953945, 0.1145829726639421, -0.028596026512824852, -0.09165231510864051, 0.1145829726639421, -0.0744875261763629, 0.029743570009824496, 0.04639661602108249, -0.028596026512824852, 0.029743570009824496, -0.11702029765703317, -0.016417654171163257, -0.09165231510864051, 0.04639661602108249, -0.016417654171163257, -0.022788407508016507 ]
    Xn4: [ 0.0042016781446817175, 0.0011972984978535354, 0.03828392487079921, -0.00593208364075329, 0.0011972984978535354, -0.008180537140211849, -0.012947437083115304, 0.004903213627509366, 0.03828392487079921, -0.012947437083115304, 0.007884791756319991, 0.005870018549713259, -0.00593208364075329, 0.004903213627509366, 0.005870018549713259, -0.003717001943327661 ]
    Xn5: [ 0.09614816670875181, -0.0008229770608880028, -0.0007514992624058041, -0.0075358428564748225, -0.0008229770608880028, 0.028697416540086416, 0.0009687288329949978, -0.0025066612095067642, -0.0007514992624058041, 0.0009687288329949978, 0.05164321967208293, 0.0001693681322013349, -0.0075358428564748225, -0.0025066612095067642, 0.0001693681322013349, -0.009219823173763582 ]
    Xn6: [ 0.004951987131943193, -0.001525535866794392, 8.098727899966253e-05, 0.0015358720356669618, -0.001525535866794392, 0.002740278282602621, 0.0005882029097007435, -0.002878532651739493, 8.098727899966253e-05, 0.0005882029097007435, 0.001446461599758728, -0.00031993597201080787, 0.0015358720356669618, -0.002878532651739493, -0.00031993597201080787, 0.0028712342933736906 ]
    Xn7: [ 0.09299413894985971, -0.012016293577135151, -0.0010936059125733187, -0.010275178107852381, -0.012016293577135151, 0.059400372040541057, -0.007535154764091115, -0.04588528845225936, -0.0010936059125733187, -0.007535154764091115, 0.08152379092444136, 0.002988986399637211, -0.010275178107852381, -0.04588528845225936, 0.002988986399637211, 0.13358690760587272 ]
    Yn1: [ 0.00015007859416335547, 0.0007745565700215442, -0.0005076856691736928, -0.001006171398413579, -0.0002976450568071845, 0.000814856706487601, 0.00039609818984249676, -0.001505511846731706 ]
    Yn2: [ -0.0008007821290426019, 6.764508979701992e-05, -0.0006026824619743105, -9.777483399628718e-05, -0.0002748250060916235, 6.545918803876224e-05, 0.00033883613784994757, -0.0017805600657868357 ]
    Yn3: [ 0.003273362946258735, 0.10411213432930747, 0.00267554965847843, -0.0871770464394575, 0.03211680343953679, 0.0005604752259827668, -0.00277452886278467, 0.062492110499714384 ]
    Yn4: [ 0.0016087974926100547, 0.005277583162629714, -0.0007067693855239321, -0.0016742675423598514, -0.0012695273021336093, 0.0037597912293700292, 0.0008258858281566126, -0.0032617041417016077 ]
    Yn5: [ 0.0004898197585484897, 0.003191805474027344, 8.89560464742978e-05, -0.00358799120788372, 0.0018628025879382625, -0.0009554341794765259, 0.0008362174631573197, -0.0018306710656433838 ]
    Yn6: [ 4.274348904614551e-05, -0.0002574276215466734, 0.0007238997261055938, 0.00305154278944589, 0.0011018169456082421, -0.0010995366145577557, -0.0004908096760417207, 0.0015510977536079685 ]
    Yn7: [ -0.00025733521926920043, -0.0021964001209479325, -8.126507178759434e-05, -0.008093549752328805, -0.015717775963496754, 0.0010085617406271638, -0.0005676706308853692, -0.058435131173054974 ]

    # -- Stopping Condition Parameters --
    stop_state_entry_ego_speed: 0.2
    stop_state_entry_target_speed: 0.5
    stop_state_keep_stopping_dist: 0.5
    will_stop_state_dist: 1.0 # is used to get if vehicle is approaching to stopping point

    # -- Accuracy parameters --
    number_of_sqp_iterations: 1

    # CDOB - DOB parameters.
    use_cdob: true
    use_dob: true # activating use_dob only enables use_cdob. They are both used.
